nlags=6
    1.0000   11.5000

    2.0000   14.5000

    3.0000    6.5000

     6     2

   12.0000    2.5000

   18.0000    1.5000

    24     0

   30.0000    1.5000

    36     2
nlags=12
    1.0000   10.5000

    2.0000   13.5000

    3.0000    6.5000

     6     2

   12.0000    2.5000

   18.0000    2.5000

    24     0

   30.0000    1.5000

   36.0000    2.5000
nlags=18
    1.0000   10.5000

    2.0000   13.5000

    3.0000    5.5000

     6     2

    12     3

   18.0000    2.5000

    24     0

   30.0000    1.5000

   36.0000    2.5000
nlags=24
    1.0000   10.5000

    2.0000   12.5000

     3     7

     6     2

    12     4

   18.0000    2.5000

   24.0000    1.5000

   30.0000    1.5000

   36.0000    2.5000
nlags=30
    1.0000   10.5000

    2.0000   13.5000

     3     8

     6     2

    12     4

   18.0000    2.5000

   24.0000    1.5000

   30.0000    1.5000

   36.0000    2.5000
nlags=36
    1.0000   10.5000

    2.0000   13.5000

    3.0000    9.5000

     6     2

    12     4

   18.0000    2.5000

   24.0000    1.5000

   30.0000    1.5000

   36.0000    2.5000
